PMID
33400459
33400458
33400457
33400456
33400455
33400454
33401345
33401340
33401334
33401333
33401332
33401328
33401287
33401205
33401173
33401172
33401171
33401144
33401106
33401092
33401090
33401078
33401062
33401037
33401036
33401035
33401034
33400983
33400975
33400957
33400938
33400931
33400810
33400809
33400771
33400723
33400722
33400721
33400714
33400700
33400684
33400683
33400682
33400681
33400680
33400679
33400678
33400677
33400676
33400675
33400642
33400637
33400622
33400571
33400570
33400569
33400556
33400475
33400419
33400417
33400409
33400405
33400393
33400390
33400353
33400345
33400325
33400268
33400173
33400164
33400157
33400131
33400113
33400086
33400085
33400078
33400077
33400067
33400058
33400056
33400048
33400005
33399877
33399864
33399860
33399851
33399823
33399785
33399781
33399779
33399776
33399763
33399761
33399743
33399741
33399724
33399715
33399709
33399706
33399681
33399666
33399646
33399535
33399526
33399524
33399509
33399506
33399504
33399500
33399431
33399400
33399389
33399353
33399345
33399343
33399338
33399332
33399285
33399270
33399206
33399201
33399200
33399180
33399179
33399170
33399169
33399168
33399164
33399137
33399089
33399086
33399072
33399047
33399033
33399028
33398968
33398947
33398946
33398945
33398780
33398753
33398711
33398705
33398692
33398691
33398669
33398655
33398633
33398609
33398608
33398606
33398605
33398550
33398486
33398411
33398395
33398362
33398347
33398306
33398305
33398304
33398303
33398301
33398300
33398299
33398298
33398297
33398296
33398295
33398294
33398293
33398292
33398290
33398288
33398287
33398286
33398283
33398282
33398281
33398280
33398279
33398278
33398277
33398276
33398273
33398272
33398270
33398268
33398265
33398263
33398262
33398260
33398257
33398256
33398255
33398250
33398249
33398248
33398246
33398245
33398244
33398243
33398242
33398241
33398237
33398236
33398234
33398233
33398232
33398228
33398227
33398226
33398225
33398224
33398223
33398145
33398129
33398078
33398067
33398065
33398055
33398013
33398010
33397975
33397962
33397956
33397903
33397873
33397872
33397843
33397842
33397841
33397829
33397814
33397764
33397763
33397760
33397758
33397756
33397755
33397754
33397753
33397751
33397750
33397686
33397677
33397669
33397626
33397593
33397587
33397585
33397547
33397546
33397545
33397533
33397529
33397527
33397520
33397519
33397514
33397510
33397497
33397494
33397470
33397467
33397463
33397460
33397457
33397449
33397432
33397429
33397390
33397366
33397344
33397310
33397302
33397292
33397258
33397247
33397246
33397236
33397223
33397214
33397209
33397156
33397150
33397144
33396976
33396837
33396832
33396801
33396792
33396750
33396713
33396690
33396689
33396667
33396611
33396599
33396592
33396587
33396584
33396578
33396557
33396526
33396519
33396494
33396488
33396486
33396376
33396363
33396355
33396343
33396310
33396275
33396184
33395952
33395916
33395786
33395783
33395782
33395781
33395778
33392440
33395709
33395708
33395706
33395698
33395668
33395660
33395641
33395627
33395587
33395576
33395553
33395548
33395542
33395529
33395484
33395482
33395478
33395476
33395428
33395426
33395425
33395417
33395398
33395397
33395396
33395395
33395382
33395381
33395380
33395379
33395364
33395363
33395337
33395331
33395304
33395241
33395240
33395234
33395233
33395214
33395171
33395166
33395152
33395131
33395101
33395100
33395080
33395057
33395048
33395037
33395036
33395035
33395031
33395028
33394992
33394951
33394945
33394923
33394922
33394906
33394891
33394882
33394877
33394847
33394838
33394823
33394811
33394750
33394742
33394741
33394726
33394709
33394667
33394665
33394643
33394628
33394610
33394601
33394568
33394560
33394559
33394551
33394524
33394522
33394498
33394490
33394487
33394486
33394479
33394477
33394473
33394459
33394364
33394360
33394354
33394351
33394320
33394313
33394296
33394281
33394275
33394194
33394181
33394144
33394134
33394125
33394120
33394096
33394078
33394058
33394052
33394049
33394040
33394006
33394004
33393898
33393879
33393857
33393854
33393841
33393793
33393792
33393791
33393790
33393754
33393750
33393724
33393713
33393704
33393680
33393678
33393672
33393664
33393663
33393657
33393644
33393643
33393607
33393592
33393515
33393472
33393462
33393447
33393420
33393415
33393387
33393333
33393329
33393319
33393318
33393315
33393278
33393277
33393201
33393172
33393161
33393116
33393089
33393082
33393066
33393065
33392978
33392967
33392924
33392827
33392774
33392762
33392670
33392658
33392642
33392618
33392612
33392572
33392568
33392549
33392546
33392545
33392544
33392543
33392542
33392530
33392524
33392516
33392511
33392510
33392457
33392432
33392429
33392422
33392421
33392419
33392411
33392409
33392389
33392388
33392363
33392360
33392356
33392306
33392263
33392262
33392261
33392257
33392225
33392222
33392213
33392206
33392146
33392145
33392143
33392142
33392141
33392140
33392139
33392138
33392134
33392133
33392127
33392126
33392113
33392109
33392057
33392037
33392031
33392003
33391988
33391987
33391986
33391984
33391983
33391979
33391970
33391960
33391959
33391949
33391935
33391934
33391931
33391929
33391924
33391918
33391888
33391880
33391845
33391818
33391794
33391769
33391762
33391760
33391755
33391734
33391636
33391634
33391633
33391631
33391625
33391622
33391591
33391531
33391502
33391497
33391477
33391394
33391390
33391385
33391384
33391373
33391372
33391285
33391280
33391255
33391174
33391172
33391152
33391136
33391135
33391129
33391128
33391126
33391125
33391115
33391114
33391113
33391100
33391099
33391095
33391094
33391079
33391075
33391060
33391059
33391055
33391049
33391048
33391042
33391014
33390994
33390974
33390967
33390952
33390948
33390874
33390873
33390871
33390870
33390869
33390868
33390867
33390866
33390865
33390864
33390863
33390860
33390836
33390833
33390830
33390829
33390828
33390821
33390810
33390803
33390800
33390795
33390786
33390780
33390771
33390766
33390763
33390762
33390730
33390724
33390723
33390709
33390700
33390688
33390676
33390671
33390670
33390662
33390644
33390643
33390638
33390637
33390636
33390633
33390632
33390627
33390624
33390623
33390613
33390569
33390567
33390566
33390561
33390490
33390469
33390458
33390435
33390434
33390432
33390431
33390427
33390423
33390384
33390355
33390351
33390341
33390322
33390304
33390295
33390280
33390183
33390179
33390163
33390122
33390088
33390043
33390033
33389959
